WindowWidth = 1396
WindowHeight = 840
GridSpacing = 8.600000
CameraSpeed = 8.700000
